55133
65467
56701
45015
60277
47831
61371
49079
64939
55991
43967
57179
46557
60765
48043
64215
65215
56183
44533
57311
46935
60919
48853
64383
55035
65405
56671
60251
47101
61183
49021
64877
55285
43895
56827
46519
60411
47981
64181
54647
65195
56157
44479
57279
46827
60887
48813
64363
55003
65375
56317
44795
47071
61151
48991
64855
55255
43743
56795
45055
60351
47959
61429
64991
44407
57259
48119
54783
65277
56299
44763
60119
46975
61119
64501
55157
65501
56757
60331
61403
49111
64955
56027
44023
57197
46587
60789
48059
64235
54751
65245
56237
44543
57335
46955
48863
64439
55131
65463
56695
45013
60269
47807
49077
55295
43963
57175
64213
54715
65211
44511
57309
46847
60917
48831
56669
44973
47099
61181
64875
55277
46463
60407
47979
64173
54623
65021
46815
60885
48811
64351
54999
65373
56315
44781
60139
47069
61149
48989
64853
55253
56791
45053
61421
49131
64989
56045
57215
46779
60843
48117
54781
56255
46973
65499
56749
60287
47839
49109
64951
46583
60781
48055
65243
56235
57333
46943
48861
56693
44991
61365
49069
57173
46551
60759
64191
65207
56173
44509
46845
55019
65397
56667
44971
60159
61179
49013
55263
43775
56821
47967
49147
56151
44471
57271
65371
60127
47067
48987
64509
55167
61419
44031
57213
44735
60091
46967
61111
65495
60285
47837
55999
44013
57183
60779
44539
46941
48859
64429
55039
65453
55291
43903
46527
65205
44507
48823
64373
60157
47093
55261
43773
56799
46455
60397
61437
65015
60859
48125
64347
54971
56309
61143
55165
65517
60341
47867
61407
54775
56247
49083
60767
64219
55037
47989
57301